3.31835535556745 4.37613168979771 8.52518721387955 4.8068461860115 1 2.8827889757283
1.92932024568953 0 0 0 0 0.185439070916911
-1.43833172827354 2.47971729456712 2.17637527220172 2.10187812639067 1 0.405758639596736
-0.0467105091898836 2.89076474793082 4.4285706019873 3.00297514046871 0 1.99222936314413
0.258911495769624 3.6963939350494 4.81813354601143 2.07840312414391 1 1.31864901435221
0.0281722600157654 1.48602623974977 0 1.7115388582549 0 -0.298831576029121
-0.420948960633933 1.924832898857 2.1291264775619 1.49055166017713 1 0.334711344739051
4.80542028067954 0 2.38186414295324 0 0 1.19365505880357
-2.40361221422899 3.64514755991801 3.33312452496378 2.91994089350962 1 1.12512212230234
-0.845047412216108 3.15693434234196 3.54900814223409 3.30330159336992 1 1.73627072176033
2.70610889826893 0 2.05267436271749 0 0 1.45405708314042
2.36220821642826 1.74502711364564 2.99677705812295 1.8363659926154 0 1.47196025348634
0.0103470464867519 2.85461377304255 2.9493812724275 1.82987778970565 1 1.1957274705807
1.18843280161317 1.76741330277295 3.21130387550318 2.16552672166323 0 0.819232602029364
-2.05018772680145 1.98959228585033 1.65909081381828 1.80396809136011 1 0.376670991543546
-2.75480770099747 1.77768829969289 0 0 1 -0.232643978398347
-2.43737649111661 1.8869926548957 0 1.3704682517834 1 -0.598718673000691
3.55734520162668 6.21910008968255 12.4216770668825 5.34504625802735 1 3.28127561992643
-1.27050694783445 1.93099776314672 0 0 1 -0.533409009642381
-3.81207488864264 1.97046032518391 0 1.38639838420257 1 0.535176191325974
-2.32912751476524 0 0 0 1 -0.842692886054309
0.962430922452496 5.32854885348083 6.38374952390456 3.21754136835244 1 2.38173001877319
-2.52458742459474 3.14252141369743 1.97362833412215 0 1 0.755870762807271
-0.600562531817391 2.29769033484769 2.66374112580844 1.8983804620746 0 1.43317483795568
-0.231071521912052 0 0 0 0 -0.626815455122061
-1.09654499343856 1.8477747638446 1.9846805190352 1.593995567678 1 0.0036571904157221
-0.944914107988104 3.13079976741582 2.67040033524946 0 1 1.16329622928387
1.14361678852214 3.47292852737812 4.71147812439943 2.90111011395132 1 2.68772592853382
2.95181429194346 0 2.1001630830512 0 0 1.25459307928526
-0.685432535734142 1.69161980945608 2.25093577572951 1.9398322082628 0 0.755534499941904
-1.54353652174285 0 0 0 1 -0.543062027202844
-1.17620901813799 2.0787279018211 2.67748114332762 2.48028069538154 1 1.097000658232
-1.33292500103577 2.26126441043701 1.88695223468696 1.6236194797008 1 0.249240282727659
-2.35462414992008 2.48964262658168 3.04026581104665 1.91097579414891 1 0.682034365837224
1.65409722083431 1.49307657692047 3.15240651684694 2.35361534500827 0 1.08475911432262
2.13314972043373 0 1.54848413079052 0 0 0.11576076899773
-0.0190303843462867 2.44796183348588 3.2979864410221 1.55609632825968 1 1.1581162315574
4.46029199268468 1.85247512863488 4.3422192530058 2.14314684584434 0 2.1453441468747
-1.82327118966565 2.21098587926023 2.0475970940506 0 1 0.75189990361651
1.38389687729306 2.83976891391467 5.02750531773429 3.71415263798094 1 2.42058369227827
0.558680759266931 1.93550113252703 2.578731123761 0 0 1.66764531477545
0.716766064739406 0 1.73071892735193 0 0 0.723264379746543
-0.582104024798635 1.68714686177964 2.50020400692439 1.93029788269937 1 1.80109907878799
-3.13855513763142 1.86299358597283 0 1.30603968752638 1 -0.435229326446877
-2.61840730305115 0 1.99085921856965 1.45819778890012 1 0.244042515863149
-2.09378848927041 4.35909094771174 4.00624310115787 3.19017117416477 1 1.32662586322407
-0.822449047963755 2.6557489919446 1.74056581726028 1.77905514954577 1 0.241007004744836
-3.45614000476868 3.12974054326414 3.07078280390162 2.37540096052947 1 0.258063241773701
-3.61777459213879 2.31986764456354 1.948098542692 2.54584817714979 0 0.694806420339413
1.18046142438229 3.38372591993239 4.61304899634063 1.94351523801005 1 1.41910626354186
-0.74242916183854 1.83827396464495 1.67272862870126 1.58817390942264 1 -0.0574690420100235
-0.800210270687176 2.87662259023813 3.55991763849418 2.59473971896574 1 1.14370203565383
1.66890559863171 2.00059408458018 3.46489934872186 2.33673289198969 0 1.73168407430773
-2.69589686023331 2.12401920625275 2.14302811109898 2.35280514468528 1 1.00559111144309
2.97875194016059 4.01906450243821 8.53184816869586 3.50856895213252 1 3.40882495598158
0.124215356101756 0 1.77209236736286 1.67360595506321 0 0.67346157669199
0.717693870483833 3.08792432186011 4.19819395506449 3.28576356736632 0 2.21082599929973
-0.391049578840811 3.75759265254582 3.69084940690716 1.77534207261474 1 1.8401585560134
5.39691695374242 1.7347134001836 4.73073456576972 2.36435776683716 0 2.57613948318128
2.35844289239654 2.00391786116444 3.28736455407503 2.10542748407506 0 2.25579959657315
0.0212395946319798 1.5910975048882 2.12208784438656 1.86899629696242 0 0.718690248555435
0.249836020186454 0 0 0 0 0.666849249700599
-1.22609305908328 1.82179030372134 0 0 1 -0.518745105554816
0.725204524282074 1.91162661907975 1.71638095486515 1.94079315713002 0 1.00093882216292
-0.254746667324584 2.18346111948268 2.17214117104747 1.98615342864913 1 1.49696816924981
0.206332412910542 4.50172434314026 5.660947042852 2.98021223520123 1 2.04583636494861
1.59675673283634 0 2.26358458884228 1.94712048317216 0 1.21940232148682
-1.31251378541924 0 0 0 0 0.902734216168055
-0.568699730916876 3.34344589923163 3.71081498218188 2.71699561859357 1 1.59282705595474
1.45014562588388 1.48773184778907 1.90657835175869 2.78307318626362 0 1.16012370480751
4.32607863816633 2.43071437502562 4.61285177090731 2.31934052572861 0 1.68082237625771
0.636827197854178 1.80821304024438 2.76963388811915 1.92948372323995 0 1.27174756416899
-0.662589795826031 4.05705795106233 3.83586352437054 2.90452026278871 1 1.61510409101806
-0.359720543461503 3.86581975714572 3.81032579728091 2.03899919660076 1 1.18153114555765
-3.21233200718237 1.90685780739237 1.50019379273287 1.52652551269361 1 -0.500683916436955
-1.17408828037034 4.25362392051552 4.00916030659528 2.9245702019751 1 1.89893331556883
-2.6317703892929 3.32448656127275 4.16452023729519 3.39090571076819 0 1.97938948752175
-1.32988622658139 2.05688901820835 2.29719774321819 1.96380095528812 0 0.164663905402656
4.44116017236393 2.0408707734869 4.15619034792181 2.49772196974874 0 2.56319333970689
1.67170588661791 2.33661826805493 2.92652610203669 1.37534886618863 0 1.25527973204421
-1.26771454714734 5.12449870215933 4.99916292279016 3.27353656891039 1 2.2823922169896
-1.27283054868207 4.03011109114158 4.97271413011035 3.42334201116798 1 1.87785350658222
-0.951725314842526 2.71506665804873 2.22989860865214 2.03728347292889 0 1.23239055065573
-0.690637871641036 2.13684825622617 3.04269725142253 2.02783018162258 0 1.80489498517495
-1.87037719123408 3.0607191267116 2.53416100331245 1.78487419570115 1 1.12487867023219
0.584517914589071 2.81798474462127 4.94751808998892 3.4008644241907 1 1.56054608010895
0.0378010407620336 0 1.61014285677133 1.46214215591647 0 0.618689458410386
-0.00588178877149259 2.28900072834115 2.48220202134108 2.20118208107227 0 1.60165944827185
-0.000413421523736357 0 1.57749708820849 0 0 1.03808354121948
-1.09508002393496 3.10226178244593 2.81782166930142 1.74204324265836 1 1.35462187100933
-4.02416539053433 2.92559470538044 2.33046856748871 2.73153783038033 1 0.940348548631204
8.34890929732781 2.76242071585335 8.46260740189084 2.10978653135419 0 2.832527609386
3.93600214296112 2.52604870290426 3.15846975993012 1.90386503346981 0 2.0684994187979
-2.09512449585112 0 0 1.34389267207065 0 -1.14862065222158
-0.180316229244162 1.54847791942514 0 1.59001137404877 0 0.190685478115174
0.404237522988715 1.78108568151839 3.11253373263376 2.16372365186034 1 0.752651702585465
-0.512388357402348 1.42520898471072 2.48957402572778 2.64062677431375 0 1.39280704090309
-1.32558307926804 0 0 2.20256822181157 0 -0.41188767281714
-0.336464388817301 1.81867296526238 0 2.31881220833145 0 1.4637846170983
0.209331385403404 1.57200343697124 1.71246589646299 1.43305409885697 0 1.5286174080153
