3 0 1.48959556719478 0 0 0.396512078503426
0 0 0 0 0 -0.793759046954839
3 1.44987908859261 1.64512841912684 1.63323325058361 0 1.6526218067218
0 1.42659512498148 0 1.49803670330766 1 -0.204985365724384
2 1.44272806209813 1.52524135011204 0 0 1.1810902586924
0 1.43450634722579 1.39377123098059 1.59631867312084 0 0.882619448482699
0 1.9022733769104 2.07638409895797 2.20136250812469 1 1.75978739837315
0 1.50761116035446 1.50771459783873 1.88414538866092 1 0.557302525204591
0 1.35726937983474 1.79861172388716 1.7535462176938 0 1.36285347033484
2 1.60024369157996 1.41690597838912 2.03648160356806 0 1.37058808254098
3 0 1.65695546841671 1.49308557026266 0 1.85825338088237
0 1.84814139167284 1.67635436202615 2.58433938660417 1 1.63114558160482
0 1.61351718049468 1.64907293668731 1.7333561849066 1 0.484693910762329
0 1.56630643205872 1.47362335752491 1.67356890575792 1 0.736108408065644
11 1.36493356305423 2.1902853059471 2.15665029856685 0 2.44888223499764
2 2.11328536739562 1.98709752029667 1.95434481804406 1 1.46581735881676
14 1.59521627830479 2.35575436857822 2.68386382390912 0 3.13005355640404
2 0 0 0 0 0.0113685234908664
1 1.46372446210191 1.85516111777081 1.44329586980191 0 0.847978164236983
10 1.70241025449701 2.29568661280702 2.28250785589921 0 2.90141010503177
1 0 0 0 0 0.0432695906276641
1 1.8872721544552 2.03218199988633 2.24854263078457 1 1.84710581970251
6 1.28007756684104 1.77235638788728 1.59794756859868 0 1.55935443954152
8 1.81061428069991 2.17892723367457 2.21427496810672 0 2.77849153461544
1 0 1.64234615068162 1.74513601648025 1 1.4107726912978
3 0 1.31968197028992 0 0 1.11598515969747
3 2.16952584253427 2.51867163080728 2.71984850406717 1 2.01807503020097
0 1.78246154179309 1.86390128435804 2.33355055395926 1 0.089313020720742
2 0 1.31094219234985 1.44705525549259 0 0.979633260339352
1 1.6458645142682 0 1.92143861228545 1 0.752359171482301
0 2.02652826574842 1.58111123656801 1.94517128720442 1 1.26237237855435
1 2.05560704131015 2.31064822194989 2.60937912961684 1 1.97208904708983
3 0 0 0 0 0.780796450168821
0 0 0 1.36692967437516 0 0.0706929477446293
1 0 0 0 0 -1.65476761094873
1 1.85162599465805 2.17161352803398 2.57095758833898 0 2.14496029846444
0 1.47697208968231 1.74849817858071 2.3706603855607 1 1.45696927660108
0 0 0 0 0 -0.735215748420078
1 1.38810220329314 1.5257696251573 1.58627552571965 0 0.157481748323745
1 2.37894942791403 2.32962787498855 2.73431280290117 1 1.72065237333646
0 0 0 0 0 -0.0517927771550327
3 0 0 1.38230087969985 0 1.38563800508142
0 1.79087699771754 1.40481933023742 2.03780324334421 1 0.232389500983115
0 1.84783418947693 1.99310950950632 2.17701027748663 1 1.38158086612428
3 0 0 0 0 0.145448844279668
0 1.38638944939232 0 0 1 0.0990336144167802
1 1.83361223291959 1.57396810060209 2.16512416976722 1 1.3646603319793
1 1.30433025815405 1.6788481016932 1.76418382320579 0 0.786863408397244
1 1.42601721625048 1.70059019261508 1.96523087480467 0 0.939564322209032
0 2.01728791392903 1.70260177854212 2.01324736497654 1 0.492994919961122
1 0 0 0 0 -0.684512730549768
2 0 0 0 0 0.207348474430555
1 1.76929785739741 1.42862601071206 1.9419027504962 0 1.10121185280078
0 1.22404051218062 0 1.47737386615386 0 0.205561171094734
2 2.38618296435961 2.54334347094934 2.49114358578996 1 2.24492890719942
0 1.83554950382183 2.03296574097151 2.5152463884724 1 1.48344237148914
1 1.46980685375691 2.03413584843589 2.38348483923044 1 1.34258551990689
1 1.60573375873677 2.00416329130461 2.05490261189145 1 1.27803872227315
2 2.33466777996072 2.99983533422101 3.26192406676438 1 3.3995222805759
1 2.47568363115649 3.40823966101828 3.55285872327249 1 3.5241263763568
0 1.24436735192088 0 0 1 -1.19857998878601
0 0 0 0 0 -0.116875921279089
4 1.8129431696624 2.0376533281129 1.91375344916364 0 1.9377503296693
1 0 0 0 0 -0.144231961923165
23 1.69971076181913 2.83271042158115 2.80268026452495 0 3.89901429498378
1 0 0 0 0 0.148795118642476
3 0 0 1.3006980706883 0 0.443486422190051
0 1.83514003240434 1.5217095767097 1.81131232803833 1 1.14177972873302
0 2.10171980902755 2.00306672434845 2.46804919134428 1 1.35768050762081
2 1.57428429060433 2.16999782640457 2.12748834228981 0 0.972302849938802
3 0 0 0 0 0.885161170092258
0 1.88960476686256 2.26443622574446 2.40572598640613 1 1.7799068289134
0 1.82062104704259 1.4658175517024 2.28869892600722 1 1.13521910535818
5 1.44077749178109 2.09167264646153 2.28654025560502 0 2.44200995033945
4 1.84947084772968 2.31668880702686 2.30847354520216 0 2.32058731641914
0 0 0 1.35079427047952 0 0.549279352586869
1 1.36033042790819 0 1.34203204470258 1 0.588309520143119
0 2.01402286001077 1.88369797030466 2.12933050930339 1 0.0777073210147125
2 0 0 0 0 0.980908496148478
1 0 0 1.55993385413888 0 0.172943217175748
0 1.36908746778864 0 1.66748704611459 1 0.518726364590422
1 1.91364880543006 2.33689121245741 1.89470148113166 0 1.43163074556784
2 1.84361661788335 2.26737492285861 2.49285885947848 0 2.43238848882761
3 1.8038795369515 1.89484209423609 2.09839963934016 0 2.41074075293297
0 1.52013817209686 1.6423602708928 1.79839836371213 1 0.584691348673347
3 1.44914214164077 0 0 0 0.786850936712491
1 1.87228619456817 1.73636319077573 2.05579017641459 1 1.30598221099749
5 1.36133379658624 1.80669589473477 1.46202842115523 0 1.77719856549201
1 1.6151380593499 1.80773410332998 1.94310750536691 1 0.777263642888455
0 1.80708129280535 1.5994811627511 1.72006302289724 1 0.706797826853607
0 1.61875844942149 1.71177423261612 1.44800301408148 0 0.95045386781609
2 2.10228489561098 2.44152838524287 2.85284119810837 1 2.72405628029988
2 1.69387968078226 1.92108864929719 1.99904730616374 0 1.73490628282118
0 1.62316974324794 1.41307257527183 0 1 -0.209105747555425
6 1.60761639177578 2.16610487819092 2.3273165412495 0 2.59543380353021
4 1.45098569712926 2.08176709823208 1.68468498426978 0 1.28739652019049
7 0 1.84252497752136 1.42745357193607 0 1.2984194959826
0 1.54881480284236 1.85426632410875 1.33151070113216 1 0.939551504007085
1 0 1.58199404398603 1.75677218129753 0 1.47191474276533
2 1.32168546626476 1.63126152641305 1.82017096936329 0 1.88043548057704
0 2.41700175187143 2.63792768668033 3.0280821906267 1 2.79426951306028
1 1.93749819560907 2.32525495259465 2.5055028038336 1 2.5505716898242
2 0 0 0 0 0.297843219114246
4 1.90906868495383 2.23288306153986 2.10192767326311 0 1.6662207413926
5 1.20187004960556 1.60734508512266 0 0 0.786049470892721
1 0 0 1.69959112468629 1 0.15255954753884
1 0 1.52532434547119 1.58934860866441 0 1.18327278006727
0 1.25805182058436 0 0 1 -0.944269487129728
1 1.37997010474132 1.69118015631475 2.34607772320083 1 1.43293469791063
3 1.91218582884327 2.38588423610749 2.55237394853956 0 1.96820151718239
6 1.78466097785901 2.43643522853719 2.27660788583607 1 2.62296819263918
1 2.13283525779125 2.28186907685095 2.33104741371413 1 2.38787782053451
0 1.72905367919166 1.86416595561934 1.6468577307158 1 1.33138482295798
0 0 0 0 0 -0.856303367274285
0 1.42282011506436 1.84001799390083 2.02060673747517 1 1.10111331204361
11 1.39259853120535 2.10265320116622 2.24020685141219 0 2.75715059913475
0 1.67285141558844 1.96068932509207 2.00621824184468 1 0.527382344114201
1 1.35520811281305 0 0 0 0.399877803336599
4 0 1.61953341339566 1.68441023372701 0 1.21745653208997
0 1.91002180383719 1.60381723460975 2.19012752176649 1 0.784141299742126
2 1.77253444523564 1.96235692477329 2.11900143923959 0 2.51216682792041
5 1.49451421405185 2.30430488693345 2.18158998852419 0 2.26563066609902
0 0 0 0 0 -0.380666469631824
2 1.49935696733029 2.1218186158782 2.54341916711355 0 2.80589057370475
4 1.60725899509269 1.96309143905027 1.65663851106726 0 1.24649181377815
2 1.2333283113335 1.46713432589773 0 0 0.771974586588888
1 0 1.92661790735729 1.89054516117981 0 1.12372716504823
1 2.03477999033002 2.59139878855937 2.69651432148422 1 2.16795462417339
2 0 0 0 0 -0.991524029370546
0 0 0 0 0 0.653501555033116
1 1.7051403011723 1.53046837958601 1.99550906419455 1 0.851812244462066
0 1.3922691565602 0 0 0 0.297535570244211
2 0 0 0 0 0.417895905044051
0 2.23014717608025 1.64946907928095 2.32335452911619 1 1.17347684694185
1 2.35671160768665 2.67546993858296 3.03655330716781 1 2.74686963519958
4 0 1.48738700753111 1.63606772845557 0 1.38015785993508
1 1.58248820410508 1.61196134646053 1.54082911855754 0 1.06773869715424
0 0 0 0 0 0.335390430731588
1 2.28102441437941 2.03504120875164 2.04101286785244 1 1.80097811860335
1 1.41131940201915 0 1.63208790146608 1 0.579177809632654
0 1.40775426543056 0 1.36182814448135 1 -0.275487118251521
2 0 1.56384902983587 1.45910407720064 0 1.57050398711018
4 0 0 1.32055297553934 0 0.386745610949314
0 1.68428274019448 1.71578801304746 2.01671069493987 1 0.818952733056281
4 0 0 0 0 0.60310349559398
1 0 0 1.31386865229416 0 0.596902557427638
3 1.4101630957604 1.87526959984934 1.84655661596149 0 1.2980576450794
6 1.46473073920661 1.70283758014689 1.55538753494451 0 1.5470409926064
1 1.47005824188798 1.5529586949194 1.88226837044412 1 0.97341965963679
1 0 0 0 0 -0.357769245356812
0 1.78987458341367 1.70994590306106 1.97085243172637 1 0.708339988048911
0 2.13420913994736 1.85248145465343 2.23286671480092 1 0.857016294465502
1 2.08004463600525 1.74027059421439 2.20215078611853 1 1.0293566699815
2 2.04461258710608 2.30512361799157 2.7805584395513 1 2.16003560589535
0 1.84042133173123 1.70931195882415 2.25314883366497 1 1.23698563651444
0 2.08083335132954 2.09067264663823 2.59510976131901 1 1.50168862285198
1 1.2814979401284 0 0 0 0.134033127807217
0 0 0 0 0 0.311998976334601
0 2.06103056006958 2.06578621296585 2.61366994134656 1 1.2406381038578
0 2.19630599271968 2.45457242684026 2.520237262572 1 1.54185157567298
0 1.46809493493373 1.52368913179325 1.7382354988882 1 0.849781410349637
1 0 0 0 0 -0.414123336470135
1 1.80653616743258 1.73009249739898 2.28410943015923 1 1.6614282132524
4 2.28402420115013 3.13008380240048 3.01281630686928 1 2.84108239004509
1 0 0 0 0 -0.283430119387558
1 1.66870334348305 0 0 0 0.442602232960391
1 0 0 0 0 -0.159814716764589
1 0 0 0 0 0.187363409133091
10 1.29955380587177 1.87725157588014 1.7029156824358 0 2.14750198845499
0 0 0 0 0 -0.0841734422005606
0 0 1.38590651344479 0 0 0.540385855760734
0 0 0 0 1 -1.60610260364446
3 2.25941364736114 2.98978603648943 3.03404184923015 1 3.41498612080827
1 1.48167608430615 1.76033932402877 2.00596928697436 0 1.04181183931795
5 0 1.65324426228692 1.51784525662489 0 1.61554858118762
13 2.04761102546078 3.46129040641731 3.46356629253178 0 4.0282897474316
1 1.2059016941938 0 0 1 -1.00667012176301
9 1.4325536540455 2.48015505816552 2.15287028296356 0 1.80051690062547
0 1.53389093681455 1.85685319357607 1.83583313181583 1 1.24105283906405
0 0 0 0 1 -0.735813512739802
0 0 0 0 0 -0.786697957697993
0 1.73543512626121 0 1.72104943198391 1 -0.1244169279821
1 1.70699113850863 2.33695145395675 2.42575888172013 1 1.30427708210919
0 1.61002371671859 1.70072113830521 1.69249477139526 1 0.847891908914821
1 0 1.33905350092304 1.53113204595453 0 1.13794474084476
0 0 0 0 0 0.753897396931875
8 0 1.57157077211596 1.30889408365336 0 1.66186597063737
1 1.87824045830023 1.53268329077418 1.78565271601059 1 0.264557767490019
0 1.85708238694008 0 0 1 -0.725794674399685
0 2.16832152455501 1.87120275714388 2.83365721870522 1 1.86294032217744
0 1.59610484818943 1.81234972269295 2.27225439825157 1 0.392713136271786
0 0 0 0 0 -0.0500453017109531
8 1.79454631349497 2.93201748575135 3.09566938495805 0 2.98593361350345
3 0 0 0 0 0.639001188064194
0 2.03684535607612 2.37091904586232 2.64267768255416 1 2.2213316914354
0 0 0 0 0 -0.492041896146582
0 1.64210228911772 1.5798867030648 2.17354464547238 1 1.28403073484855
7 0 1.7219988516689 1.30941847314183 0 1.19367288960047
2 0 0 0 0 0.342389870923331
0 0 0 0 1 0.730699515285524
