0 1.58183717406504 1.29757373840126 1 0.0863062750982533
0 1.10720526873043 1.46330824548504 0 0.438424973004705
1 0 0 0 -0.037943425331834
1 1.19309191730936 0 0 -0.198533637517732
1 1.78792654657284 1.5051733704705 1 1.17746809200214
1 1.64378144837861 1.25152690472468 1 0.380714054244072
1 1.38121666443533 1.09559952010283 1 0.313025055451114
1 0 0 0 -0.925480827394538
0 1.75243835664559 2.06800834594031 1 1.52008234126908
1 1.44533559376815 2.23980018839403 0 0.890949503056444
0 1.41325014520308 1.66408310109391 0 0.659141455476574
0 1.48616478534272 1.84107455425123 1 1.6473161116734
1 1.11566906387195 1.08268735238023 0 -0.467183397206229
0 1.35797990396405 1.46874264829828 0 0.623943372963056
0 2.03942366045093 1.65338173062404 1 0.563122591394872
1 1.31676677948908 1.3076121751102 0 -0.0692439613416184
1 1.87474703239612 1.48477588905205 1 -0.0874478733345427
0 1.67706503373772 2.05588903659016 0 1.60510791878374
1 0 0 1 -1.19857312449782
1 0 0 0 -0.782702887289493
0 0 0 0 -0.0414820623615798
1 1.26177851428937 1.07219348890047 0 -0.0213493981575158
1 1.26534928295839 1.2863027828076 0 0.632284424204172
1 1.06233906112914 1.75546686615643 0 1.78433116787726
1 0 0 0 -1.0688028389376
0 0 1.16770323649606 0 0.0793229144292863
1 1.47257107684748 1.5581733681291 1 0.0752344136787486
1 1.70793275135225 1.43322141436425 1 0.812824854672201
1 1.12895540024781 1.20558580228887 0 0.390636386055307
1 0 0 0 -1.7565704348502
1 1.73450650058824 1.85830360817863 1 1.09346688287556
1 1.43374456785387 1.36741963218327 0 0.0662529655211538
1 1.54660097914666 1.765344979929 1 1.86610755513401
0 1.71536906511786 1.94063100690564 1 0.976483930073937
0 1.14029935926224 0 0 0.0840895989244447
1 1.87160914203525 1.25026971876935 1 0.168554294097345
1 1.02968852102534 0 0 0.31317336322579
0 1.04826593191497 0 0 -0.263364572578342
0 1.08516443096171 1.21738966709954 0 0.619774154456844
0 0 1.09840389377727 0 0.747811782735283
0 0 1.13739244711293 0 0.440389138535087
1 1.56083047838982 0 1 -1.62011735371371
1 1.81029111643222 1.49087155839581 1 1.43157588487009
1 1.43120576450769 1.28769247358218 1 0.212765791831542
1 1.87946484571335 1.85551956040935 1 0.956690798816454
1 1.47925361886659 0 1 -0.610556195729884
0 1.4199589866106 2.18665205877395 0 1.90065977017565
1 1.34907703922336 1.56078008215438 0 0.825846799917084
1 1.618714244953 2.38494132901242 0 1.4150452923112
1 0 0 0 -0.0790757719505999
1 1.32602308454467 0 1 -1.33476432070578
0 0 1.22845134732816 0 -0.196015462810928
1 1.44757619749152 1.66970167735529 0 1.56339169968093
0 1.65918763164555 1.72330121011995 1 0.835348720331009
1 0 0 0 -0.135054803644232
0 0 0 0 0.271613049941989
1 1.39208823945252 1.31165542265364 0 0.433581734718212
1 1.85372268232434 1.97530524422196 1 0.906000446789164
1 1.37211604257485 0 0 -0.238741659453426
1 1.49094161216376 0 1 -0.613871870398337
1 1.76133712543244 0 1 -1.03179494741646
1 1.23957585311713 1.4338974024453 0 0.0855349049841242
1 1.10096272436987 0 1 -0.240623678202984
0 0 1.77888953577374 0 1.67283996890695
1 0 1.08578618953207 0 -0.105756546550736
0 1.14754680497333 1.58004856028447 0 0.611344747938894
0 1.87405910683613 2.07237802055046 1 1.46736869486543
0 0 0 0 -0.236063859002861
0 0 1.70586504358225 0 1.27298567313517
0 1.65098869274438 1.74727295254776 0 1.2878777185183
1 0 0 0 -0.889605866678126
1 1.56363160242877 1.45832564623688 0 0.710075738832818
1 1.24773016731752 0 1 -0.776073995254736
1 0 0 0 -0.227914244455732
1 1.48798589425688 1.48972129711883 0 0.858406437636244
0 1.32008162604509 1.17045326516255 0 1.01673880318319
1 0 1.01998196384588 1 -0.423296637371302
1 1.75351731538822 1.22998760256625 1 -0.0917991423030561
1 1.51137183658464 1.93518023143321 1 1.80957579324947
0 1.21989518259288 2.17658586786675 0 2.17983396701363
1 0 0 0 -0.508064713464262
1 1.26599376448093 1.61996210707158 0 1.54139627296138
1 1.26476860641387 0 1 -1.48032126875004
1 0 1.12946640705112 1 -0.780161665148144
1 1.75906879885187 0 1 -0.589953924931253
1 1.39376082740174 0 1 -1.73922757318223
1 1.25947293407812 1.58979877606666 0 0.857117782824536
1 1.52169199156774 1.70269507242574 0 0.557849871960874
0 1.68411241917785 2.1800610863229 0 2.13398764595943
1 1.188832433096 1.3266245097845 0 1.43100636462316
1 1.73184405988159 1.62861734116077 1 0.610323719205296
0 1.34448927359223 1.65486377775426 1 1.18868669790791
1 0 0 0 -0.754841243423227
1 1.84653753145899 1.89097820625684 1 0.363081686073417
1 1.83022966525403 1.16132414281723 1 0.277670649983551
0 1.74077331847661 1.48363793240985 1 0.113414777325198
1 0 1.0048646277269 0 -0.494691909457679
0 1.77211317238752 1.56847344928331 1 0.697725762862671
1 1.91879359928111 1.82037368828419 1 0.652821907388433
1 1.2395565921984 0 1 -0.283192486376834
0 1.15529404702058 1.18352437589799 0 0.280636504329286
1 1.97782066808882 2.16647094750402 1 1.80660969371919
1 1.658319712201 2.35804180344321 1 2.53529843402683
1 1.11950112103726 1.00548316931361 0 0.241912178766571
0 1.16253281649724 0 0 -0.0595024105139469
0 1.64647767647846 1.65490974158365 0 1.07740257975502
1 1.69439278587397 1.23736870115323 1 0.392995544357822
0 1.20860674770737 1.36944020458624 1 0.755157904546782
1 0 1.069183961185 0 0.649978289517316
1 1.50459141037203 1.86957253769484 0 1.41588129105563
0 1.34828878664708 1.68227616092001 0 0.885361968848643
1 0 0 0 -0.55047060865682
1 1.99477683412763 1.45963351407735 1 1.15164163631608
0 0 0 0 -0.808584852037857
1 2.01275784778574 1.90308868039815 1 0.826469567122956
1 1.18244759657546 0 1 -0.249607876070267
1 1.12000219471174 0 1 -1.00724481281469
1 0 0 0 -1.08131967939199
1 1.82294110497781 1.46560344614912 1 0.13554331968599
0 1.43788750388123 1.6165508353171 0 1.41964429769471
1 1.09304958328137 1.07538633498883 0 -0.0868213132487018
0 1.22854819073747 1.33775485323731 0 0.820084999795937
1 1.90970753255531 1.90898751936549 1 0.658023505733341
1 1.40460673348264 0 1 -0.714207403544948
0 1.0309049265369 1.76747520607063 0 1.29095655339413
0 1.33087374577807 1.85916207150883 0 1.68409982471934
1 1.3664205579657 0 1 0.124100516120012
1 0 0 0 -0.697739894370031
1 1.45289654186381 0 1 -0.829175977591562
1 1.31239391303206 1.19597485777392 1 -0.376941373477996
1 1.06282178097817 1.35255722951861 0 0.276308432845019
0 1.24979527171638 1.27569362333594 0 0.54078885020891
1 1.7905479593952 1.46683127663691 1 0.898857089557517
0 1.04874407145829 1.60494244668378 0 1.32498536561505
0 1.85559823671038 1.55469528392498 1 0.600245499347837
0 2.0906783375622 2.4376057549721 1 1.55234715177679
1 1.52444512970741 1.42045744567309 1 1.06715316580253
0 1.59207167878432 2.01711478325349 1 1.50949848267855
1 1.46814804775105 1.43551426336164 0 0.712877023299936
1 2.11539610757725 2.04844612789122 1 1.12959543532425
0 2.06164454779013 2.32592964154985 1 2.16069922325387
0 1.66651711900683 1.34502642029488 1 0.610488066730178
1 1.74062629727818 2.03672570784827 1 1.31935661609547
1 1.13220857699186 0 1 -0.996038364619757
1 1.17604115449521 0 1 -0.581060426165156
0 2.15195591285796 2.79882675171575 1 3.215771355109
1 1.52736626595653 1.67457990963693 1 1.10685030074385
1 1.89812891565249 1.83768291942422 1 0.837161693059166
1 1.48943922855784 1.33998399996686 0 0.791619404503278
1 1.67361229269974 1.4447730138384 1 0.417139676867054
0 1.53888511940862 1.67310538848131 1 0.703687109997427
0 1.19677062338588 1.49422163497814 0 0.988216512369684
0 1.33028233737622 1.46069338345623 0 1.16191283694813
0 0 0 0 -0.434269339284288
1 1.9699696031661 1.74546855594636 1 0.42623367660929
1 1.85991481400645 1.88713579994023 1 0.690838297702421
0 2.19932014795343 2.51549821561697 1 1.37546786741397
1 0 0 0 -0.123407685406743
0 0 0 0 -0.441330488347333
1 1.94753473657356 1.70510193503931 1 0.508106005361241
0 2.22757177584221 2.32466982534242 1 2.73511420971439
1 1.64858142020529 1.60557745892152 0 0.97758037853702
1 0 0 1 -1.57049744744054
1 1.14291059901403 0 1 -2.61454552965315
0 1.48665020851785 2.28508767420252 0 3.26038713727639
1 1.13182147339041 1.48395069587289 0 0.983590833494917
0 1.90604258207772 1.80560659174466 1 0.689876522472996
1 1.49909750707628 1.72226301023076 0 1.12151440369601
1 1.2448460217472 1.10201196575934 0 0.36023272567573
1 1.12659682392787 1.28925776762151 1 0.0178522242821288
1 1.15017579758957 1.3024832926462 0 0.368985786621737
0 1.72484432198539 2.15675103761662 0 2.83051899805987
1 1.6429568617105 1.31246501976312 1 -0.137993222815954
0 1.11188540325718 1.69948604566662 0 0.487833900218969
1 1.32121335570279 0 0 -0.229439417631815
0 1.14174220505656 1.49135308902478 0 0.349325384051304
1 1.82614257840164 1.3206681922153 1 -0.677215663900182
0 1.9926934866026 1.53051191119376 1 0.431313303925897
1 2.05758323346613 1.83369767731089 1 1.05868374562519
1 1.09477071649519 1.2332700306549 0 -0.137650681023107
0 1.56865211203667 1.91365628827694 0 2.14426921759995
1 0 0 0 -0.504148610829464
0 1.7121868152503 2.01729640212398 1 1.63298143917797
0 2.01290547437363 1.81983485480496 1 1.4839137367032
0 1.794739526168 2.08278800333054 1 1.85410081310391
1 0 1.24289231671783 0 -0.261228094020821
1 2.34578266755012 2.18565912616412 1 1.64543326417169
1 1.34253815293151 1.33701192067207 0 1.16118143115166
1 1.09925736969845 0 1 -1.29175222303569
1 0 0 1 -1.11808630176773
1 2.09601020388827 2.23998302929454 1 1.27546798441736
1 1.51302925979595 1.40386966937551 1 0.481026541054963
1 0 0 0 -0.172350839581638
1 1.45217598791995 1.66206268509268 1 0.892007874274406
0 0 1.16419844418181 0 0.815938390628374
1 1.06883186672241 0 1 -0.53706407554267
1 1.24661051186148 1.56509539415145 0 0.973749987357263
0 1.39094495121074 1.45890509737949 0 1.01790701646952
1 1.76201980331752 1.71846689271963 1 0.700257807062922
0 2.19052173737345 2.42203344573162 1 1.74180885917995
1 0 1.16666482977773 0 0.614126089549674
1 1.26776044033923 1.00449272906146 1 -0.371217290215768
1 0 0 0 -1.13833235742178
0 2.19166587625728 2.70857411108529 1 2.94594171399047
1 1.69514317976543 1.26938236101254 1 0.528720296364984
1 1.71273385257657 1.59134735529873 1 0.588049783786211
0 1.45839376161755 1.28471412799918 1 -0.0535953636134098
0 0 0 0 -1.88577677896252
1 0 0 0 -0.420419700504206
0 0 1.08038587247728 0 -0.531630240969763
1 1.92047340918508 1.87893860447639 1 0.789686548619485
1 1.58191597806186 1.36484211953559 1 0.778496392376921
1 1.32264268997859 1.07188378155327 0 0.680528797194714
1 0 0 0 -0.71933228601903
1 1.09857114248492 0 0 -0.163138351412056
0 1.48874515253393 1.57454460252305 1 1.09839218792909
0 1.688295216893 1.44610104973233 0 0.658250404446029
1 1.05377763119836 1.21192044742288 0 0.794565264116476
1 1.68044367371747 1.23609778677447 1 0.450340228969942
0 1.38233922580311 1.65302591359224 1 1.19855588756822
0 1.35823875602587 1.70986524170396 0 1.33095476517274
0 0 0 0 -0.43556806026989
1 1.48664682217798 1.4046230497192 1 0.363535063259987
1 0 0 0 0.124012102689413
0 0 0 0 0.646013806549379
1 0 0 0 0.37260992876404
1 1.99100462204871 2.07404580420471 1 1.72740503955091
1 1.75311477754001 0 1 -0.249962600050801
1 0 0 0 -2.27598294003812
1 1.15099048478315 1.06178078911246 0 0.416511712916721
1 1.1012535298319 0 0 0.910813152893056
0 1.6453704477841 1.89873727689284 1 0.896254925869524
1 1.33690724997164 1.02745771032815 1 0.295852957471368
0 0 0 0 0.268181738210503
1 1.63914966729952 1.45067310053548 1 -0.73634030608724
1 1.84933147686253 1.70000716302683 1 0.597106769689903
1 1.54766031286666 1.08786643020381 0 0.154688630767549
1 1.45234775843303 1.09241414720029 0 -0.164577733711147
1 1.44720676026172 1.60862976733999 0 1.02626704852484
0 1.44069270297381 1.15626145645119 1 -0.502462186397861
0 1.97354197739328 1.90341679988031 1 2.48169051915167
0 1.69822323709643 2.06586680619097 0 1.53133071264626
1 1.20144132351486 1.22221702192379 0 -0.369520272903348
0 1.49935302303253 1.59376761140661 0 0.341281698685255
1 2.10374216907932 1.97259675021942 1 2.14193174087159
1 0 0 0 0.268903509529151
1 1.39948696683953 1.63942059898507 1 0.64056622277652
1 1.20141681114834 1.29894395040892 0 0.531336196241236
1 1.57009548807758 1.43756039443058 1 -0.105684037056233
0 1.41465200549886 1.6319638933961 0 0.786595098218196
1 1.38779183319925 0 1 -0.744192944700497
0 1.55310048263751 1.96678673304949 0 2.1751815087867
0 1.42246549196231 1.49514989325821 0 1.76454214380334
1 1.92268112128674 1.78792806894942 1 0.0512858630700781
0 1.33212360093411 1.82132603259474 0 1.2865847435233
0 2.3111715470369 2.96557322666953 1 3.46899516917307
1 0 0 1 -0.246084659351585
0 2.05377048541346 2.11816646728398 0 2.74543842752388
0 1.5347212999799 2.11565473354445 0 1.24823558609858
1 1.1067978743589 0 0 0.103649336851355
1 1.44596810277606 0 1 -0.0397944594125965
1 1.44544280538203 1.7505800340951 1 1.00336036014376
1 1.15330476059464 0 1 -1.60551494447973
1 1.28346489485795 1.32096008661405 1 -0.481533642827593
1 0 0 0 -1.78210047142189
0 1.85589365386641 2.1980080594225 0 1.64735854718863
1 0 0 0 0.139477251881478
1 1.9606788187375 1.46269240459571 1 -0.32355694340915
0 1.84253021120398 2.53285750213413 0 2.41435247928364
1 1.73738681576684 1.72151499997052 1 0.669429093613066
0 1.73285355101771 1.84423469637917 0 1.00610293416099
1 2.28621568675938 2.11325795854328 1 1.70361721716578
1 1.46430194516615 1.54789992802075 1 0.066158130604904
0 0 0 0 -0.396316101970198
0 1.34682084416266 1.45758695958097 0 1.01382901197761
1 0 0 0 -1.97876610504021
1 1.84657802897481 2.2306932658319 1 1.00514489954515
0 0 1.51259045837367 0 1.41077621544024
0 1.93711037303248 1.72606537875935 1 0.88744497666315
1 0 0 0 -0.729043199159399
1 0 0 0 0.0889269288859236
0 1.10684358719998 0 0 -0.213802702682376
0 1.04307143764859 1.70178875272213 0 1.34087349132421
1 0 0 0 -1.19218612873584
0 1.00121632020769 1.05790552412372 0 0.714534127751582
1 1.04505775719361 0 1 -1.50277890079904
1 1.84891078962771 1.9291192345101 1 1.07308131013924
1 1.38484638455983 0 1 -1.31270832990175
1 1.55912185127735 1.17342201872605 1 -0.267851956442775
0 2.07726284742168 2.36686539748617 0 2.27016332980835
1 1.13981806520755 0 1 -0.566823414868523
0 1.15498437161995 1.53407762177129 0 0.621843434912096
0 0 1.26944668657543 0 0.0909811476090739
1 1.63634432462919 1.31222029254765 1 0.107037446819269
0 1.97632587352378 2.06098847276422 1 2.29493241751716
0 2.10154984745268 2.00490289091641 1 0.640340327921177
1 1.36339227119305 0 1 -0.708901698921569
0 1.45189398956742 2.54061476899152 0 2.47943417410137
0 2.58952677820887 3.20228153832301 1 3.04605382710463
1 1.40277655058694 1.46542315359539 0 0.692822080113352
1 1.45096848879214 1.71883852467418 0 1.87951559228825
1 1.55897147707132 1.31110859643162 1 -0.498905648740483
1 1.5379621771323 1.37800517334527 1 1.28455784036539
1 0 0 0 -0.541479384096973
1 1.26441149365993 0 1 -1.04449973410159
0 1.51000913136272 2.16546566524799 0 2.22372273917893
1 0 1.36747748538536 0 0.268965075489522
0 2.02982389942731 2.11790257192678 1 1.3351214823115
0 0 0 0 -0.4704249142009
0 1.46527912370265 1.94710600264325 0 3.15663657222047
1 1.15310032660641 1.09331380356075 1 0.468167395433761
1 1.04060760817192 0 0 -1.06586638086563
0 2.33776295577749 2.78518880326986 1 2.68246274880111
0 1.65254548880429 1.41323972138326 0 0.562651497527645
1 0 0 0 -0.556068580965124
1 0 0 0 -0.0494578051255972
0 1.65371440527335 1.8650463074867 0 1.37589605769663
0 1.29344357229638 1.43917437481184 0 1.43840133377696
0 0 1.05154395147088 0 0.0797716347930134
1 0 0 1 -0.370318529592005
1 0 0 0 -1.08941484360833
1 1.7598088716387 1.80172379064315 1 0.540193386948473
0 1.76046401956016 1.82470586991876 1 0.818459027867956
1 1.02812668726358 1.52063825913616 0 -0.458047154740737
1 0 0 0 -0.143218421307269
1 1.66719557895497 2.0399579187276 1 0.823286487950319
1 0 1.38872862752118 0 1.17248002081065
1 0 1.24697896142869 0 0.251676436429033
0 1.1503102428492 1.16345262722342 0 0.470287943938777
1 1.54610751184782 1.56277055160948 1 0.602523596357297
1 0 0 1 -1.11737825443366
1 1.85418741542725 1.55121239029992 1 1.5643425029647
1 1.73985963997801 1.58754682118908 1 1.32459968076934
0 0 1.19659944994381 0 0.311982918342019
1 1.31221706553763 1.3644516976089 0 -0.043179984383065
1 1.71107745883203 1.83396550215878 1 1.24350954370094
0 1.41390506819632 1.84232472901055 0 1.59674535859994
1 1.11812772647725 0 0 -1.09778311606101
1 1.09512749798785 1.42926080409587 0 1.00702393714251
1 1.28188853273945 1.37437509070278 1 0.159487786448672
1 0 0 0 -0.780499350061181
1 1.18375155680694 1.52867955628053 0 1.21718096935432
1 1.45600298795175 1.57108346656776 1 0.960965081440607
0 1.28404020370555 1.42140481203651 0 1.09500847802358
0 1.09951747574702 1.38656034432633 0 1.14636538283174
1 0 0 0 -0.86355089476938
1 0 0 1 -1.0681386008602
1 1.57769660191693 1.43038374879975 1 0.16863105550419
1 1.6252094046367 1.24190378208748 1 0.492714705277624
1 1.11751154494949 0 0 -0.133085503901651
1 2.08637401389924 1.85205875040016 1 0.942529625024885
0 1.55673040214375 1.94632271258445 0 1.99646886246512
0 1.79014469121798 1.78729856071982 1 0.242559804859097
0 1.63651172438791 1.98384399288616 1 1.65936782301268
0 1.05899360993247 1.08669262561207 0 -0.066936396299814
1 1.45125023560666 1.31839236676634 1 0.719220490799569
0 1.20835346328717 0 0 -0.26684489306438
1 1.8014018991104 2.27850944943539 1 1.90241157838472
0 1.34580959887193 1.60807097712065 0 0.991908285539134
1 1.59851357470676 1.91189651710824 0 1.21766333932639
1 1.51002111405665 2.26356780876102 0 2.701637912199
1 1.32212618418027 1.09020767298604 0 0.229141070235593
0 1.33015408398836 1.69997198456879 0 0.750239194479598
0 1.17009573874728 0 0 0.371098883444392
0 1.26772453081235 1.52991926492556 0 0.798273421000295
0 0 0 0 -0.013001505227524
1 1.3079085874652 1.23670962314887 0 -0.717595087597856
0 1.36419355950906 1.26470779228151 0 0.317317413111287
1 1.43979308150123 1.13281680158199 1 0.170993249063022
1 1.63179579194189 1.00883385053962 1 -0.771343568302923
0 1.35396388192943 1.23469188085249 1 0.319696711590044
0 1.22114478090329 1.57166244869785 0 1.14787325076253
1 0 0 0 0.0679088478752772
1 1.47489591185346 1.91815613667265 1 1.1033491016211
0 1.05551720423723 1.15892635559816 0 0.304981375325326
1 1.13587700703129 0 1 -1.7964137843921
0 2.01322211227961 1.9002203320618 1 1.55889391889335
1 1.81737246126769 1.71881932371095 1 1.00738353908949
1 0 0 0 -3.22573661777405
0 0 0 0 -0.770833311483096
1 1.56417831085625 1.23791252036877 1 -0.103474002368658
1 1.51478723365221 1.5489143905996 1 0.926608443764355
1 0 1.00969942171974 0 -0.799745442579003
1 1.32905355198231 1.65183957306607 0 1.04542726284743
0 1.04988325575993 1.13626710273153 0 0.514406880178649
0 2.12438048395027 2.43137383157467 1 2.66659845199758
1 1.99310380312605 0 1 -1.14427393587892
1 1.6865649616649 1.42108177610788 1 -0.316510406717326
1 0 1.50396283819038 0 0.978204705607655
1 1.30847259237545 1.23535811683473 1 0.190382220141679
0 1.37079936237604 1.58878528623512 0 0.887084975238483
1 1.47705170544425 1.33477013168217 1 -0.439450056962275
1 0 0 0 -1.17683793370412
1 1.14522222706581 0 0 -0.138110066578245
1 1.09318754355501 0 1 -1.40169341660817
0 1.33572170918461 1.66569536375615 0 0.999983748124229
1 1.95685481237613 2.46369844938708 1 2.28654667328118
1 1.26539547918121 1.55197557915398 1 0.886878808905033
1 0 0 1 -2.35875689296502
0 1.81227482314351 2.55390624543925 0 2.85649324331737
