9.78894837801727 3.65343733776623 2.44447296041634 1 0.270062319982779
12.8900877771804 3.35142344617703 4.58234552099254 1 3.05762756440999
4.63383006998336 1.62262499285312 1.5427814466914 0 0.812407029404901
10.049382892645 2.52654426676015 3.68603343501555 1 1.44936239930739
8.53280957225063 2.18508881416612 4.76157864022273 0 1.63587202236909
9.32286537676638 3.61921832398041 3.21549176403265 1 0.991986532727844
10.5992606742063 2.04522069090305 3.01175721700147 1 1.89145210500443
8.16763551977029 2.96684161976921 2.56253509860238 1 0.842106541554506
6.03254464004227 0 0 0 1.20680499292728
4.13025945438977 1.88478516797526 0 1 -0.0613771359248652
6.92097141024128 2.01952288733643 2.17476409823123 0 0.961266812100649
6.49895566055991 2.02585957249874 2.41461917034691 0 0.763759057050224
5.01734603739556 1.65309782029349 0 1 -0.71862062482182
13.9439904574849 3.70044049192477 6.12808851412229 1 2.66639210254391
8.10675395894677 3.29853772901834 2.13060894680466 1 0.604799068909935
4.32929568836587 0 0 1 -0.915407623233926
7.67233280376842 2.45707508769681 2.44737877090331 1 0.264493886979571
3.48013024601331 1.68425883547336 0 0 0.462836671544229
5.12911460017345 0 2.04639682140143 0 0.906187575588163
3.5436741580671 1.59322451014775 0 0 -0.345641973356322
2.01243407037513 0 2.04830638894375 0 -0.102740774630414
10.2241397589901 2.14893696558656 3.91826413525899 0 1.97353338115376
7.91580374251961 3.00661263776506 1.99183461744327 1 0.6396964190045
7.55660030050698 2.68694203335141 2.84711400788308 1 0.929573483178635
8.63600236299622 2.25911789982642 4.39339233076832 1 1.52438039748103
4.0511113363849 0 1.51452921812908 0 0.727974560131471
6.56738221806424 1.89738901410454 1.88839339591084 1 -0.283968281321471
9.19182832375294 2.5844882052139 2.90207078238947 0 0.559239101288182
5.06030108368518 0 0 0 1.47383059864777
4.15453649393402 1.89598038109664 1.80820760456538 0 0.148057020949753
14.2666059152263 3.76030705062049 5.54655925290759 1 1.71059882269346
9.17526264666587 3.10329943009762 3.23150033655587 1 1.60229806990442
2.19415181401686 1.57684389937485 0 1 -0.826766076437788
6.57469150716194 2.1026396123097 3.55849519939268 0 1.90968848473256
6.49053005533765 1.71983564138387 1.75913507338907 1 0.477422915300826
7.5774212088733 1.50894725868422 3.30148967194455 0 1.97617221198442
3.41388771571106 1.72090329893814 0 0 0.122543256425517
5.45870729300604 2.73961170413407 0 1 -0.320499089799055
2.07166706240283 0 0 0 -1.02097101145085
2.52934018184627 0 0 0 -0.0997914201637657
12.6247532766566 3.99844146379643 3.48703437122436 1 2.55269863030389
3.35854123042027 1.69744443031921 1.61637128576467 0 -0.145542175866315
4.96472327748287 0 1.73523486139 0 0.332777300798668
7.57716314216258 2.40205395942663 2.97069496466874 0 1.4152773926255
5.32522932379696 1.8042019092937 1.55471701714593 0 0.61791773031346
3.2487756248502 0 0 1 0.0895754781942402
9.97151109839689 2.13001833099173 4.2441680390794 0 2.60907302675799
3.82665970324055 0 1.54163218536457 0 0.681530094040202
2.27315157693647 1.79761713644913 0 0 -0.0186947643305757
2.81316858505373 1.69334158806058 0 1 -0.943308000678734
12.027873974702 3.81449943835023 5.28429670082808 1 2.57656410757847
12.0432377864451 3.43396545128791 4.61340229722873 1 1.85141791637997
5.14385404548589 2.33043152812225 0 1 0.0247598272197889
3.42611850089497 1.63523748899567 1.50023202261338 0 0.193019425903878
9.71535082532386 1.76089960292501 4.75040247475614 0 1.92426743443819
5.89953972938462 2.32718148340907 2.561136444989 1 0.623429199736155
5.88280383859346 0 1.98422574941378 0 0.495928700981766
9.63341149076663 2.25715954392837 4.45041108861794 1 2.26820113094765
12.3841466831732 4.67368844383898 4.3746403652057 1 2.31545004026768
8.82228846312577 2.2877867547383 3.8953707132528 0 2.10702162683835
4.39230423152365 2.26220343781609 0 1 -0.651983712712669
5.56129918359741 1.78954293880349 2.024581570712 0 0.216099364475523
6.96416350062513 2.17425830102529 3.13389986839686 0 1.93814997709449
6.4499559364913 2.22607829888492 2.15278615249571 1 0.848568148405311
9.57602012892066 2.95958783957548 2.46896565754098 1 0.758013391435767
6.85676891519849 1.56246239310792 2.07263609225659 0 1.08289468799565
6.26837111980612 0 1.71736212997789 0 1.7341481246827
5.37697422223979 1.74072588055031 2.87254618287359 0 1.59767133561247
8.92424539778736 2.91141839926633 3.97197991115306 0 1.48232218737605
9.44896362464287 2.55047009982639 2.90681710602905 0 2.3468763961196
10.4653888471937 3.20917778637861 3.55616013955953 1 1.09951258259813
3.25556484483467 0 0 0 -0.505044046970706
12.6482505580367 2.92946324214969 4.06654025223691 1 1.56905549475274
5.14655085846467 1.58016947281472 0 0 0.852024193156987
8.82602889181876 4.13451820969598 2.58373387695852 1 0.431419499506114
5.44894411012931 2.08935116499597 1.82041700881254 1 0.588019745281513
7.68492007376719 2.7582236001769 3.12697784339256 1 0.947344215260449
3.75037566469132 0 1.60740199006998 0 0.00423322717438979
10.3932449907299 2.28435907703065 5.69036195854533 0 2.12453967178604
7.005163278969 1.8335202402141 2.70903404254087 0 1.36796135485896
14.8385660611887 4.74634324493478 5.44892090832824 1 2.49271630793031
8.32771679314474 2.02666848832559 2.77636784840492 1 0.891518667638758
9.33545074415592 2.44048076067495 3.73195282005781 0 1.84881233113675
2.67492302908817 0 0 0 -0.332958691063373
8.05138697191623 2.52153031132591 2.75272426332229 1 0.529867744780778
8.46265559082135 2.30084532902672 3.47291152360386 0 2.13442025540184
5.22299620760412 1.79553307765569 1.79325229879732 0 0.927244572216571
5.66596531115063 1.69263433109238 1.96912873842712 0 1.13315687047749
5.6803265370556 0 1.91931955848793 0 1.0446689976745
4.82289171762216 1.99253996330477 1.79601601768751 1 0.116702588425805
4.90930233349187 1.64775544615588 2.11547857534112 0 0.550870634148375
6.93953814167682 2.34522077975462 2.32478820575295 0 1.44607472865421
2.96914394462567 2.06644051281711 0 1 -0.416747263678058
6.84211352123807 0 2.60264382255542 0 1.19996748037089
5.83378209123264 2.21734067014301 1.69228709531674 1 0.065371306812838
6.75425275906142 2.40786428830792 1.87104888910485 1 0.185849702795612
4.99490538891941 2.09773058725111 2.22333603893576 1 1.20753290691839
11.9959548136014 3.03939411352771 4.99562251836669 0 2.10168915231098
7.83349044797342 2.55814208375372 2.78420895866672 1 0.580145357327515
7.74131320139092 1.73405358519771 3.2595135767765 0 1.84298223378093
