14.0991492043792 1.59046389399245 1.9315115206091 1.8666212042115 2.3876778589397 1 0.432071652015876 0.935103871661586 2.26577249839472
14.6518218332938 1.83134167819983 1.87735274219816 1.80356144046442 2.23909377578958 1 1.04108998450066 1.18037371686157 1.77322558789162
12.736540521364 1.45464100616665 1.79873230548349 1.69946651893206 1.9368436119629 0 1.37063705313649 4.23865927167815 0.620860350353803
12.5034365407074 1.45719867572559 1.56986677059004 1.92505788202546 1.64921921055482 0 1.58522113594997 2.42206151562486 0.012165093764533
15.9796761898397 1.31718408220619 1.78358863399946 1.75432310378666 1.94915710572752 1 0.979455562215778 1.06218409157474 4.35408577870972
3.0563199259591 0 0 0 0 0 -0.77081789053409 0.414340208460854 0.950176698363132
16.9472839351183 1.74030639905854 2.36072238019045 2.14018741451582 2.46790211452186 0 2.71489096481539 2.56971744096281 1.180109238755
12.4132112883395 0 1.91258323853822 2.04732630878766 2.03086277262277 0 1.93714786775412 2.10563338778335 1.40970603120262
9.53380818372825 1.73778754128299 1.49798207582427 1.83532257813797 1.82100111232613 1 -0.377360632412306 0.317950518613103 0.919704000085817
13.6041830370339 1.93396979543096 1.93126879704119 1.94668024055678 2.0812753501438 1 1.01237721974222 1.82851780651442 0.766997757696515
16.2427813527481 2.3462771559084 2.64261068798762 2.97049787137063 3.20128590540549 1 2.65029552480378 0.0963755418518477 -0.246056219230713
15.7650714257167 1.49088097877536 2.26334109494534 1.90896400643752 2.18164462848046 1 2.0416568527109 2.2614739927181 1.09907396134899
14.7799157991669 1.92603056750609 2.11518835694018 2.52306288137158 2.20032221908291 0 2.17986841806354 2.28020816545588 0.561395386143556
14.4882567196483 1.62809440820012 1.86126436762018 2.03985556982871 2.1387850508598 1 1.7600138835885 2.02470563255005 0.918450758160098
15.0009489061608 1.69621721167659 1.9177896083686 2.40742777262472 2.18985190058635 1 1.56569800570034 1.22813137475595 2.47594859857134
11.7514845465854 1.71307644207073 1.79903887688776 1.94260515234172 2.3253986320308 1 1.01023971181693 0.896435126048347 1.13092673978974
14.8488406820771 1.57257272414608 1.43286281394671 1.57681078119435 1.88014081151024 1 0.191272314578072 3.0948559945516 1.85756909781954
16.1507500556181 1.99309834640796 2.2589831105503 2.0864668371752 2.37383825887881 0 2.31767908614403 1.88130338319884 1.80620858514747
11.6289223902206 0 1.58558223887024 1.95798374234543 1.55294244999205 0 1.92317461951687 -0.0819435264921122 2.44307520680865
11.1502489519897 0 1.61632538517236 1.69523456465121 1.60132656396471 0 1.27111585429567 1.9075234857702 0.83345415436398
16.8975591438388 1.87982488959867 2.48463083522559 2.6117184489751 2.54421514216349 1 1.97259730705467 2.74099746711529 0.233707140425035
11.7582853937281 1.30137712938639 1.44387478006773 0 0 0 0.691365424308299 2.16924339989641 2.95730132911702
17.7086926235591 1.60979590665514 2.09206404350043 1.98206804089374 2.31684220333919 1 1.88904610394041 2.14495711440188 2.04380746922658
12.5278312685892 1.75259944316008 1.52122872526586 1.90578665758536 2.40540786379487 0 1.58109800058062 1.0179468205619 2.1988620416837
15.0093226497308 1.90858926429456 1.92494137218431 2.43693176324793 2.69901486947702 1 1.91832775609731 1.9259645427939 0.520371027545994
5.39081569086333 0 0 0 0 0 0.36827060803987 -0.199033245872557 2.03585186404504
9.17488225184347 0 0 0 1.63330455506312 0 0.206940606577348 1.69512881651944 2.00170326709111
19.4917670461491 1.71173262012966 2.08268845505341 2.09545554635811 2.69183004521547 0 2.99857098551199 3.50040538482161 2.85561946807291
11.4973824605029 0 1.90182736038618 1.70356383287116 1.73578233573223 0 1.27591027472612 0.545640778494919 2.675284276412
16.2715598067414 0 1.86245250437432 1.69398737020089 1.86505000819618 0 1.21904083771905 2.39009680885663 3.39651922281283
12.3400239555046 1.59653070595143 1.64402628062358 1.85987055524271 1.77081955519782 0 1.57180486569055 2.63878665609543 1.97136544457605
10.3764163643741 0 1.70316502012057 1.69132769881115 0 0 1.6584360688894 1.49577741426837 1.67863238475164
9.798183874326 0 0 0 0 1 0.601707866597502 1.6666950866356 1.35763123018461
8.73011136270334 0 1.41458559128637 0 0 0 0.608893019494516 -0.737146671612972 2.38735905379155
10.9527762942178 1.4441081796508 0 0 0 0 -0.103811058576469 2.70473566824023 1.37291793655762
15.1252673782699 0 1.53082575541459 1.99955745081747 2.20829706497936 1 0.985331669289705 1.96113929546273 1.8090130202868
14.0965966758006 1.68730907844685 1.5429652525262 1.69115302217841 2.12746323717625 1 0.56128853880998 2.40160659929411 0.523360288100152
12.3890007301458 1.37473126377957 1.72913350070971 1.94630601096634 1.95769741789599 0 1.49150012493773 0.482157395166237 2.65713955529695
14.0373088011715 0 1.36752726958406 1.72335305100877 1.52145150351298 0 1.47946142602517 2.2176650802945 2.59596732527577
10.4269292365832 1.56052308203015 0 0 0 1 -0.279783557035042 1.62054807141509 1.881618402677
16.4388722836352 1.91281112068636 2.0805753273004 2.23427593141599 2.84675274018057 1 1.7044314614981 1.91156846421914 0.828300439916441
5.58184069264211 1.33613780052697 0 0 0 1 -1.41976866634255 1.18344918623725 0.288987388465574
15.5842244568578 1.58577864008789 1.88441809865554 1.96430508720641 2.12312878689265 1 1.00944174341372 2.40835579560148 3.16998736452396
3.01474627597735 0 0 0 0 0 -1.05381763245898 -0.120141128703656 2.43611820243879
13.8236843220528 0 1.4917766860822 0 1.50626978121596 0 1.24267911666057 1.94164695804443 3.22211975715724
7.42179018242064 0 0 0 0 0 -0.488661405235179 2.59362657488356 2.72877528186187
9.60832829495175 0 2.08469624046137 1.80224311201798 0 0 1.24268160105191 1.63062291283797 1.97295259041929
10.1855079088414 1.36241953718277 2.02124614658198 2.14906264840438 1.76240713878925 0 1.77823766758365 -0.646359478432437 1.29087480897322
8.88181906389156 1.7057233660306 0 0 0 1 -0.479972049114224 0.931447875874859 3.49359967708822
14.5457104136579 1.85144407880855 2.12284435574137 2.09955288321003 2.32905952987642 1 1.87943475901491 2.70116321272916 1.1685935109514
19.8748775188269 1.90761656750027 3.06250595610409 2.89931312460293 3.42992137434441 1 2.3984648152562 1.61808944343577 1.91051217131986
11.6388539692935 1.35800860416589 1.63900127905309 1.60998041631881 2.39003439647402 1 1.00524974605224 3.20724886188296 0.299887152273129
15.9860906856336 0 1.83197784121706 1.98097816284646 1.99025223105936 0 2.52377671732088 3.2400427495314 2.75039948084114
9.91440041153544 1.40581334607343 0 1.5195422566397 1.86432327381707 1 -0.236122950973197 1.45744335597991 1.07448676595167
14.7684436650622 1.64795910548102 1.85075319508662 2.01889642516771 2.25336313003432 1 1.69808357926538 1.77165815222498 1.31967834209392
16.5820586292638 2.04751183453711 1.98147148703409 2.18612344885918 2.66089354860914 1 1.07210917857531 0.67679227343758 2.57186069419754
8.87007855905991 1.35315878139607 0 0 0 1 -0.202548573627021 0.785094184896838 0.59678182985017
6.95048776800605 0 0 0 1.52944111354474 1 -0.726405602465547 -1.42630149636024 2.54577632769454
6.6059064043236 0 0 0 0 1 -0.376753942680616 -0.337698760800716 1.89584107699774
13.4562297441015 1.71881898797543 1.6821734655023 1.87544365608691 2.40296223446355 1 0.409501228953252 2.06641923959144 1.42646830819311
14.1319723070393 1.54618398794386 2.11171009442497 2.3794383568365 2.30353173198424 0 1.66956324471797 0.901811988724534 1.68670520873757
11.5800676947021 1.50265319261576 1.40847370174204 1.76758677607664 0 0 0.136573667375345 1.75823301934286 1.06237770700388
12.0167489311132 0 0 0 0 0 0.628383183189321 2.00210245408838 3.87552093706183
10.6784097144927 0 0 0 0 0 1.34595907833536 1.44204919040132 2.51162805970485
17.5275015025258 1.78966513143348 2.20700594178965 2.33000052276047 2.28019780471268 0 2.79155067220645 1.01195566162461 2.51354410700708
16.4015941626247 1.90186598066397 2.37931927370714 2.65670099805173 2.90335863989857 1 1.90220073907152 2.06117812093354 0.14415012894772
9.52832069976449 0 0 0 0 0 -0.00313363439014802 1.15214705817196 2.31992983820773
13.4020792563156 1.67820113498529 1.35128589644967 1.97508597443119 1.97214226099672 1 0.994961429025542 1.82791822540915 2.9623431129588
8.10526244682931 0 0 0 0 0 0.599503074135265 0.120598246813948 3.02789229959914
14.18491171137 1.59905208615665 1.66513578255003 1.66747341391111 2.0000536770068 1 0.447110919799802 2.05772266849812 1.40543208819975
6.29367095111168 0 0 0 0 0 0.713899987203183 0.537003125576722 1.91970958602075
9.88062138002773 1.41979371036664 1.53417296264842 1.59893102521207 1.52578835192934 0 0.344483109223419 1.11223474409694 0.974614767213764
14.5881510564085 1.51542506886102 1.78404851857851 2.10724429994623 2.30431530788038 1 0.860913461517954 2.32018873840873 1.95284626762624
14.3786502554164 1.92667343202509 2.09706941528375 1.96998264713455 2.25032898659939 1 0.665565240813267 1.71165153315621 2.07892478871536
14.2838773041361 1.82698625400081 1.82999272968831 2.15678043495604 2.44055298155123 1 0.993799406903925 2.29035378777053 1.09546939016971
7.8156157856655 0 0 0 0 0 0.450735639079455 1.7377919017324 1.68560158403702
12.6378377736334 1.40254372846346 0 1.68425626694254 1.85489310104538 1 0.463607291864935 1.75579214028022 1.9603691804213
15.1267108383537 1.96608927293431 1.91185135945739 2.27772534359001 2.24491385057857 1 1.46189798950842 1.41357682954383 3.58355196747142
9.91724126148484 0 1.40039918910803 0 1.62336096497623 0 0.775799505402287 0.648315459043266 1.86457888446396
5.99272477421759 0 0 0 0 0 -0.721789282767432 0.357780706320384 2.2179669914493
21.3401061845679 2.22305875228621 2.60337207215201 2.9946196108572 3.37052220351983 1 2.58537015257834 2.63123105948103 2.59964974395057
9.01969733825041 0 0 0 0 0 0.102547303249903 1.15122479282831 0.115845017690103
9.73493048556001 1.31997185637612 0 0 0 1 -0.839532840232796 0.199101444477656 3.11147988421971
8.46463515084244 0 1.91813228872807 2.02236185159802 1.97260528346678 0 1.80051753400009 -0.114627253724755 1.66657958073249
5.11875837708451 0 0 0 0 0 -0.591928233599603 0.732680574753695 1.32281034999842
11.8545995658523 0 1.65985615121224 0 1.50072005397705 0 0.642053018303866 2.32764431407699 3.79978046328301
7.46146755381607 1.87364382003632 1.31488834362623 0 1.65341899204438 1 -0.613583446388842 1.03385450819905 -0.123088740727407
11.821584746653 1.80942599289039 1.46378864656686 2.10610313901483 1.63670393141869 1 0.564504812228397 0.731613517780307 1.27879510677609
11.4698857989409 0 1.53748690699245 0 1.64754020062958 0 1.50321552300302 0.59175441675132 0.594759495973114
8.37284528514392 1.4199898073922 0 0 0 0 0.263841228919878 0.642030960894172 2.00343474533383
18.1605126619462 1.71137493537196 2.80524638877393 2.49195942844656 2.58685803790532 0 3.1432360696902 1.39295387389313 2.9177286167941
14.4594975521413 2.01297781940919 1.91589868656128 2.22850526288033 2.03367394518 1 0.882643462949016 0.474969282036171 1.46950068710012
12.2578129560043 1.67683641947576 1.7801478283046 2.06944086917887 2.06682653289619 1 0.55923531607055 2.52633218167671 0.984599078192248
20.6356203442474 2.06191256859908 2.62190654953558 2.96288503363387 2.92880533698007 1 2.20277785303052 2.03557665558859 2.25148217841282
7.56219797768914 1.75379379153055 1.58294261204916 1.58932077429106 1.9438765246916 1 0.742883496357122 0.351385288728739 0.200364406723265
15.5219148779157 1.32826184098356 2.01841089543343 2.30398241097171 2.02297597374411 0 2.53824443203642 2.40531578748305 0.662708341300306
8.21209640522432 0 0 0 0 1 -0.99090573634956 1.77137151748947 0.857095299932966
22.1093377847728 2.40821097892449 3.12279963334911 3.27569921478219 3.28345873470461 1 3.25089622144119 2.85210955935564 0.618754352550212
10.2951803967429 0 0 0 0 0 0.133658095637758 3.41599539735582 2.18235623654648
11.2409672302575 1.40082660019364 1.51157930610768 1.77629070906077 1.94302023944676 1 0.52581029389814 0.312570690609317 1.13557768678269
